              precision    recall  f1-score   support

         0.0       0.71      0.72      0.71       125
         1.0       0.72      0.70      0.71       125

    accuracy                           0.71       250
   macro avg       0.71      0.71      0.71       250
weighted avg       0.71      0.71      0.71       250
              precision    recall  f1-score   support

         0.0       0.72      0.79      0.75      1259
         1.0       0.76      0.69      0.72      1223

    accuracy                           0.74      2482
   macro avg       0.74      0.74      0.74      2482
weighted avg       0.74      0.74      0.74      2482
              precision    recall  f1-score   support

         0.0       0.84      0.99      0.91      5539
         1.0       0.72      0.15      0.25      1223

    accuracy                           0.84      6762
   macro avg       0.78      0.57      0.58      6762
weighted avg       0.82      0.84      0.79      6762
              precision    recall  f1-score   support

           0       0.65      0.78      0.71      5539
           1       0.00      0.00      0.00      1223
           2       0.64      0.66      0.65      5525

    accuracy                           0.65     12287
   macro avg       0.43      0.48      0.45     12287
weighted avg       0.58      0.65      0.61     12287
              precision    recall  f1-score   support

           0       0.81      0.12      0.20      4432
           1       0.00      0.00      0.00       978
           2       0.47      0.98      0.64      4420

    accuracy                           0.49      9830
   macro avg       0.43      0.37      0.28      9830
weighted avg       0.58      0.49      0.38      9830
              precision    recall  f1-score   support

           0       0.81      0.12      0.20      4432
           1       0.00      0.00      0.00       978
           2       0.47      0.98      0.64      4420

    accuracy                           0.49      9830
   macro avg       0.43      0.37      0.28      9830
weighted avg       0.58      0.49      0.38      9830
              precision    recall  f1-score   support

           0       0.81      0.12      0.20      4432
           1       0.00      0.00      0.00       978
           2       0.47      0.98      0.64      4420

    accuracy                           0.49      9830
   macro avg       0.43      0.37      0.28      9830
weighted avg       0.58      0.49      0.38      9830
              precision    recall  f1-score   support

           0       0.25      0.16      0.20      4431
           1       0.00      0.00      0.00       628
           2       0.00      0.00      0.00        37
           3       0.00      0.00      0.00        17
           4       0.00      0.00      0.00        41
           5       0.00      0.00      0.00         2
           6       0.21      0.37      0.27      4420
           7       0.00      0.00      0.00       978
           8       0.07      0.01      0.02       844
           9       0.00      0.00      0.00       718
          10       0.00      0.00      0.00       583
          11       0.06      0.01      0.02       469
          12       0.00      0.00      0.00       165
          13       0.00      0.00      0.00       137
          14       0.00      0.00      0.00        14
          15       0.00      0.00      0.00        90
          16       0.00      0.00      0.00        43
          17       0.00      0.00      0.00       205
          18       0.00      0.00      0.00         1
          19       0.00      0.00      0.00       417
          20       0.00      0.00      0.00        40
          21       0.00      0.00      0.00         7
          22       0.03      0.01      0.01       134
          23       0.00      0.00      0.00       360
          24       0.08      0.01      0.02       568
          25       0.00      0.00      0.00        68
          26       0.00      0.00      0.00        29
          27       0.00      0.00      0.00        80
          28       0.00      0.00      0.00       214
          29       0.00      0.00      0.00        20
          30       0.05      0.00      0.01       359
          31       0.00      0.00      0.00        62
          32       0.21      0.00      0.01      1258
          33       0.00      0.00      0.00         1
          34       0.37      0.82      0.51      9091
          35       0.28      0.40      0.33      3885
          36       0.00      0.00      0.00       921
          37       0.00      0.00      0.00       445
          38       0.00      0.00      0.00       645
          39       0.00      0.00      0.00        96
          40       0.15      0.01      0.03       418
          41       0.12      0.05      0.07      3871
          42       0.00      0.00      0.00      1584
          43       0.00      0.00      0.00        72
          44       0.00      0.00      0.00         2
          45       0.00      0.00      0.00        26
          46       0.00      0.00      0.00         4
          47       0.00      0.00      0.00        63
          48       0.00      0.00      0.00       160
          49       0.00      0.00      0.00         7
          50       0.00      0.00      0.00        39

    accuracy                           0.30     38769
   macro avg       0.04      0.04      0.03     38769
weighted avg       0.19      0.30      0.21     38769
              precision    recall  f1-score   support

           0       0.67      0.78      0.72      4432
           1       0.64      0.70      0.67      4420
           2       0.00      0.00      0.00       978
           3       0.00      0.00      0.00       165

    accuracy                           0.66      9995
   macro avg       0.33      0.37      0.35      9995
weighted avg       0.58      0.66      0.62      9995
              precision    recall  f1-score   support

           0       0.90      0.89      0.89      4432
           1       0.52      0.55      0.53       978

    accuracy                           0.83      5410
   macro avg       0.71      0.72      0.71      5410
weighted avg       0.83      0.83      0.83      5410
              precision    recall  f1-score   support

           0       0.90      0.88      0.89      2216
           1       0.50      0.54      0.52       489

    accuracy                           0.82      2705
   macro avg       0.70      0.71      0.70      2705
weighted avg       0.83      0.82      0.82      2705
              precision    recall  f1-score   support

           0       0.90      0.87      0.88      1108
           1       0.49      0.55      0.52       245

    accuracy                           0.81      1353
   macro avg       0.69      0.71      0.70      1353
weighted avg       0.82      0.81      0.82      1353
              precision    recall  f1-score   support

           0       0.89      0.89      0.89     11079
           1       0.52      0.51      0.51      2445

    accuracy                           0.83     13524
   macro avg       0.70      0.70      0.70     13524
weighted avg       0.82      0.83      0.82     13524
